# Created by Octave 4.0.0, Mon Dec 05 17:29:35 2016 UTC <root@2ec41c2b9d94>
# name: theta
# type: matrix
# ndims: 3
 2 2 55
 0.2671842201764179
 -0.04632688073277058
 0.1430091227847612
 -0.3149290401575107
 0.1560592546729576
 0.2214084821936482
 -0.1711302968461745
 -0.2546628669717745
 0.1690171732223056
 0.2586661256520884
 -0.1919364064032634
 -0.3241739365824501
 0.1792546104417999
 0.2744963817462405
 -0.2066139930590551
 -0.3514459659647777
 0.324641520671564
 -0.6680247563476231
 -0.4612847184535591
 0.4165992956936837
 0.1744222926157027
 0.2290347721006389
 -0.20427058372007
 -0.2842967756049313
 0.2099677674305465
 0.2508796795835302
 -0.2606354376084115
 -0.3257592395562472
 0.105356724834708
 0.2098902112636638
 -0.1056154672972702
 -0.2413010518417458
 0.04339243579072216
 0.1924379249209385
 0.01568364651665255
 -0.1084548043005245
 0.1221556054900406
 0.1944728829225448
 -0.1273622341693659
 -0.2176289592358183
 -0.0297769896827953
 0.0496248359447915
 0.0702458054049897
 -0.07847428625110142
 -0.03470554388118141
 0.0526137729731424
 0.06290396062481762
 -0.07057381075120772
 -0.03111167625254452
 0.04847652146329673
 0.05962882538253833
 -0.06512681170758317
 0.3376649672449779
 -0.6265629939668287
 -0.530565657090813
 0.3906915223458041
 -0.03183739894850701
 0.04175670593654379
 0.05482371771484562
 -0.05742715174709412
 -0.02999925089915623
 0.03807294050238941
 0.05420612011943526
 -0.05882417299407172
 -0.04369627003302989
 0.05993337205271221
 0.06970148600315085
 -0.06895438953616506
 -0.03369762486244499
 0.08284721737998213
 0.09587577763525545
 -0.02829410975618685
 -0.04089347375505104
 0.05564627039059733
 0.0662356269103348
 -0.06344394780301532
 -0.01090382765835562
 0.01907911623005165
 0.02065916666772938
 -0.02784371696018706
 -0.0163288138340546
 0.02669774240853884
 0.02838285192673196
 -0.03949060747622535
 0.2058259979653601
 -0.366048302143853
 -0.2617041831898705
 0.278282393156511
 -0.01392315501117203
 0.02244434144761787
 0.02282652687834075
 -0.03225779593339451
 -0.0111755658163637
 0.01797954983253902
 0.01975007504096027
 -0.02815989081963033
 -0.02269463519032433
 0.03604765169489732
 0.03315398664974389
 -0.04526891265406308
 -0.03770835577865927
 0.06022836314075608
 0.0567566030855482
 -0.04741439523085211
 -0.02592696094117919
 0.03765421683475223
 0.03763011726989274
 -0.04818098344985255
 -0.02611506078165271
 0.04067510614552106
 0.04203187460295821
 -0.06229896114874811
 0.2012952470528746
 -0.3938883746122908
 -0.2523378968814622
 0.2989093360581854
 -0.02236320827381277
 0.03573316350629496
 0.03538125776909484
 -0.05394926772458986
 -0.01116314461023915
 0.01842896543856121
 0.01963492950958723
 -0.02891028236616222
 -0.03551660932858569
 0.0567924690394106
 0.04965762144415931
 -0.07586826037754069
 -0.03044732047011522
 0.05809217744564754
 0.04574470810820253
 -0.04503913428174466
 -0.03280649403534519
 0.05187042802816166
 0.04637222388691731
 -0.06879241972576944
 0.1911103198965343
 -0.3906734577673994
 -0.2388422868053439
 0.2969397327944339
 -0.008592838993055074
 0.01562706128086044
 0.0145359013120776
 -0.0211962489212798
 -0.01066752744005417
 0.01811170511339211
 0.01872568657185258
 -0.0284404760946706
 -0.03006952517233863
 0.05039240968348246
 0.04249284799051734
 -0.066109395523408
 -0.03147904695536718
 0.06387726956706419
 0.04653062698050747
 -0.05056146844173326
 -0.01656113684033222
 0.02896004918394501
 0.02470212234344804
 -0.03517552679429103
 0.1933443742822698
 -0.2474255508203145
 -0.3918820846611419
 0.2862543145777594
 0.1566032970961042
 -0.1931611369106518
 -0.3367553846729734
 0.2569725687867523
 0.2445630580477174
 -0.3383986836712598
 -0.4803462295141201
 0.3299013494216549
 0.4183650678758115
 -1.124770741956649
 -1.457602096134669
 0.4777139669587396
 0.2511673987347032
 -0.363673065018987
 -0.5244267820674267
 0.3368825445451611
 -0.01468489464153688
 0.02515546454813089
 0.02711163863068533
 -0.04194668965989679
 -0.02213018801264766
 0.03862819256610184
 0.03217336691966977
 -0.04847092827894905
 -0.02138640767982358
 0.04261774908458538
 0.03012944516481886
 -0.03724873355701552
 -0.01817703302950902
 0.0301717473182932
 0.02673639468415479
 -0.03768269414453873
 -0.003487680837949703
 0.006691477425585735
 0.005363181199236511
 -0.008570366093760162
 -0.01467423888199959
 0.03054866510646881
 0.02012733914519549
 -0.02724685165563989
 -0.02061280824406164
 0.03666118181988431
 0.02977838086414764
 -0.04676368070224091
 -0.00838490311092599
 0.01616909974767644
 0.0132538683805179
 -0.01292212034500895
 -0.02560876793304256
 0.03861437640419685
 0.03870201877873747
 -0.04703127993026235
 -0.01306422875952573
 0.02060857527132431
 0.02566116313596067
 -0.0199252812469668


