# Created by Octave 4.0.0, Mon Dec 05 20:31:26 2016 UTC <root@33a6dd0f3021>
# name: theta
# type: matrix
# ndims: 3
 2 2 55
 0.8876501584707599
 -0.9592497206980388
 -0.3025093611013481
 -0.01990512823341484
 0.2996323400613192
 0.340376004930222
 -0.2850806126688181
 -0.2638338703368213
 0.3445332045223465
 0.427486318059364
 -0.499992174718922
 -0.6749821776959397
 0.3476746594945581
 0.3185405194034485
 -0.4334704698525109
 -0.3609411802542244
 0.440276817072023
 -0.897476357718058
 -0.1742160880715931
 0.6715925477224358
 0.3261835438115692
 0.1155384643067565
 -0.2373319459923167
 0.02838783275278556
 0.245277005493151
 0.478129394473956
 -0.01914721233070016
 -0.4681605852596431
 0.3240109926196798
 -0.007707176752382416
 -0.2539769910677774
 0.1642999725797312
 0.2429713856962411
 0.6536077859003253
 -0.09411258605910522
 0.1655396588089779
 0.2724364310427392
 0.1541619408074015
 -0.09981199565226562
 0.1403906067311744
 0.08637483474864394
 -0.1204299309271555
 -0.02148167622090513
 -0.00334356065786845
 0.001946867226535587
 -0.0157474163449709
 -0.0005849133067392653
 0.03889820135663147
 0.03445710910363486
 -0.08747624722702163
 -0.1120352541522598
 0.1242720537363631
 0.1565825338711683
 -0.4909517560114223
 -0.504400102269678
 0.190468751383563
 0.01389422425184172
 -0.09468078881089959
 -0.02012938170879996
 0.07489856763026848
 0.05381773530450895
 -0.1502193171379329
 -0.1813074145663189
 0.1671328273155499
 0.01791324668973671
 -0.1139115276351164
 -0.04364092513234175
 0.06416203873543092
 0.007663909973978256
 0.01719544969038989
 -0.01167831509736716
 0.003443051239815142
 0.004101380545472266
 -0.0299633115508966
 -0.005206926282859348
 0.01848515575723964
 0.1154129616018044
 -0.274616689296749
 -0.3319306489766793
 0.3723165051174635
 0.08965096019580476
 -0.2222031348910496
 -0.2964953125378171
 0.2911424833414615
 0.03840099350895376
 0.05626589671308535
 -0.05062465308470276
 0.008104406321729263
 0.04420489293023
 -0.1460492803422615
 -0.1075696016375189
 0.1419311990440577
 0.05315585930797062
 -0.1499444698045149
 -0.1604994739131289
 0.1883726734514146
 0.01476982736213295
 -0.07451809579805269
 -0.03182777027213857
 0.06456348013650581
 -0.05814438889704576
 0.1525936028249741
 0.1048179290773463
 -0.1036902884525541
 0.07173905287852311
 -0.2631518760886669
 -0.1529557502164125
 0.2030844270261456
 0.07467275961084507
 -0.259820288216404
 -0.2382322189419461
 0.3062558284842916
 0.08983957364079997
 -0.2077169173751416
 -0.1403780403061352
 0.1973734903814273
 0.02384331779486826
 -0.07291897043110462
 -0.0503962908511586
 0.08498363884177929
 -0.01077358686310614
 0.03269641926154065
 0.02741860911004679
 -0.05123530119785968
 -0.002201541853792732
 -0.01754403180368747
 0.004383453946677163
 0.02065983407954697
 -0.01150946500365757
 -0.001202300632885844
 0.0176783919737209
 0.001648367587647748
 -0.06469599397541803
 0.1739083150649221
 0.1086273349174873
 -0.1926656608191726
 0.1273242322478458
 -0.5067708778110895
 -0.2568068913295494
 0.2668661715524756
 0.008526153009837056
 -0.01053232191383358
 -0.0203213958784747
 0.01054817039394784
 -0.004327424274284342
 0.02322351372736997
 0.01226740355228451
 -0.03058455478908151
 0.02412766201098882
 -0.09138344112365093
 -0.05301524733357699
 0.07006343056151509
 -0.05029062168896636
 0.1585831438937557
 0.09091120017800991
 -0.09625615893038852
 -0.01265222492379559
 0.03177384306056075
 0.02574136712775399
 -0.02385253324626913
 0.08063162973227356
 -0.1977746428833502
 -0.2794494224595541
 0.1319437731784929
 0.07493997320849155
 -0.153535541147598
 -0.332017204299742
 0.1571547244528357
 0.06007033297450659
 -0.1260261738241408
 -0.2107475775768348
 0.07600592824157948
 0.2486177764659673
 -1.800424005222029
 -1.547239508129401
 0.316367932290097
 0.1648250461087121
 -0.571274994914579
 -0.9260870671148291
 0.1802857566617957
 0.1087666621745832
 -0.2489342606030842
 -0.2668062357229863
 0.1115197360263276
 0.04687350943731128
 -0.1312097024193899
 -0.1537929085782519
 0.06737111591408906
 0.02151475200327468
 -0.2727954599910078
 -0.04005077764166565
 0.1009175104759295
 0.05607059669051406
 -0.3153096592413953
 -0.1814636758898946
 0.1390329881097558
 0.1649123027434173
 -0.8247052665438734
 -0.4690742226108107
 0.3021522486620767
 0.0218797508628813
 -0.1218054678214475
 -0.03170972442991093
 0.08336667134704667
 -0.05445085963013885
 0.1955845481323442
 0.133803036250334
 -0.1092487867465062
 0.0774604517525902
 -0.3997047912034284
 -0.2441986509900644
 0.09642019231904442
 0.08514846044437641
 -0.3840562765727022
 -0.340283407800634
 0.1507539088333012
 0.0745243229773831
 -0.3258720177904295
 -0.494706993446222
 0.1159113655732482


