# Created by Octave 4.0.0, Mon Dec 05 23:24:43 2016 UTC <root@382067e265ce>
# name: theta
# type: matrix
# ndims: 3
 2 2 55
 0.7473726012190886
 -0.4208228236251792
 0.02562774575102345
 -0.8650456320207573
 0.4401616614090056
 0.471430207430191
 -0.7673869343794513
 -0.7607852727913738
 0.4532099765603305
 0.5100822228567652
 -0.8224315413936587
 -0.9595505872054231
 0.469176986956901
 0.5202182588991415
 -0.8753842545464012
 -1.001219764090458
 0.2794560460475002
 -0.8817514728668807
 -0.370405104109454
 0.4949820260908924
 0.4531860709931348
 0.4778627331188523
 -0.8318070297382425
 -0.8998402921969566
 0.4955559133334431
 0.4756277897276662
 -1.010771945394755
 -0.9143112943799778
 0.3881865736398131
 0.3892973816062619
 -0.6192090274729598
 -0.5931143446212652
 0.188915188163772
 0.3616170539471302
 -0.1549739701323096
 -0.1856691540497954
 0.3865853614246625
 0.3403150584509547
 -0.6134839140335469
 -0.4716980562670492
 0.03365843712970251
 -0.02935630490710728
 -0.0009193094107715627
 -0.08488265255093275
 -0.006281176936990707
 0.04395363823004161
 0.02850577571491941
 -0.138024241099854
 -0.008389343329906707
 0.04479660242481209
 0.04140172802157416
 -0.1484626680726402
 0.240176197669983
 -0.7394981320660263
 -0.411498564789909
 0.420134364962327
 -0.00480022531686719
 0.0091806949292772
 0.02447207289513331
 -0.0208511198614576
 -0.008344991132217205
 0.0133135027368938
 0.04248972193529088
 -0.04958770196287121
 -0.01765695512517829
 0.03349927011758669
 0.05871169606917537
 -0.07374344105007991
 -0.04633103214490453
 0.09343876605847412
 0.1223968006289973
 -0.04893531465408252
 -0.01164097105149586
 0.02379318215565029
 0.03868174023341453
 -0.04486483211745584
 0.005656501524469448
 -0.01416462669063456
 -0.01808704448789622
 0.05735093879128961
 0.004741794372352226
 -0.008018905888627303
 -0.01895425579605781
 0.05066678602687213
 0.1263286982060753
 -0.4483868442414018
 -0.1750475323710745
 0.3089225862440825
 6.737631066433547e-05
 0.002279943719411648
 0.0003832605961053837
 -0.002080081506176779
 0.004514417819584893
 -0.01331812379771469
 -0.02091694089952867
 0.05761717864327753
 0.0001969880552412651
 0.00293162382049128
 0.0001206870163590334
 -0.001149896111634074
 -0.0298600701747298
 0.06386724088800788
 0.0559040681170293
 -0.05407393980877506
 -0.001941591340980042
 -0.002185884511500369
 0.006209983291304066
 0.008897455708418711
 -0.002311144445380942
 0.006479166999596719
 0.007041272149967304
 0.009829120803420022
 0.1157836686307636
 -0.5344341161569925
 -0.156279442639214
 0.3768502019225268
 -0.0007651607784625036
 0.004268245811979154
 0.003547858806902227
 -0.009492514466761914
 0.001128462424811127
 -0.003553989705667115
 -0.004967151298556738
 0.01811745762190808
 -0.006254992657857894
 0.02653417920661605
 0.0187547597084059
 -0.06463343644041242
 -0.02148661853088618
 0.07584019472335912
 0.03956198795098276
 -0.06434216472225884
 -0.003839339680329568
 0.01251081835422552
 0.01117186674879345
 -0.02563321141750796
 0.1139594395345965
 -0.6792915484805326
 -0.1573732593199271
 0.4194554529074419
 -0.00069638101388525
 0.005384927638690584
 0.003297223618005107
 -0.01196983530565277
 0.003069643240780573
 -0.01093789782498744
 -0.01419394414364072
 0.04712578168232939
 -0.006280338456840229
 0.03082136560071547
 0.01898498316717467
 -0.07196805326644684
 -0.01371717961083285
 0.07262805630374247
 0.02676792491360702
 -0.04630941020113921
 -0.006309234911668793
 0.02978715718628511
 0.01803215591954799
 -0.06518407680643801
 0.1002202888860692
 -0.1357829998489732
 -0.5251786510325216
 0.339678315953992
 0.06275349285667786
 -0.08266046338675226
 -0.4028087167369203
 0.2734298800813577
 0.1343541973469203
 -0.1972199651985846
 -0.6095441134072748
 0.3698767996988841
 0.3362168254185042
 -0.9873515251641147
 -1.948563520978489
 0.5117663585601249
 0.1361366688816665
 -0.1968892166949279
 -0.6331414189235347
 0.3192857058059928
 0.01487639206428293
 -0.03626144075188642
 -0.04239928070752219
 0.0405223161847621
 0.01095243621178521
 -0.01801116628402188
 -0.0338530185858279
 0.04010092723586789
 -0.01097740405431391
 0.04831608085719186
 0.02069871547017366
 -0.03980619615396108
 0.005654978895222595
 -0.03150096823235149
 -0.01674987144889739
 0.06220985441782645
 0.0001846103603951876
 0.001785113612859046
 -0.0008816917961900206
 0.001377419934528223
 0.003240484184684478
 -0.01760224983614478
 -0.005531575916675857
 0.0198650126185016
 -0.0005259297639166882
 0.001332792872982047
 0.001582714894214021
 -0.001699010032461867
 0.002460416428117007
 -0.008252316387233449
 -0.004704545254661685
 0.009970891667829385
 -0.001331456445805457
 0.003405847340020918
 0.004211581907387796
 -0.005866769594002896
 0.01364767096390174
 -0.02847713266412311
 -0.05682756349026619
 0.04452512983738277


