# Created by Octave 4.0.0, Sun Dec 04 19:16:43 2016 UTC <root@becfe42bce41>
# name: theta
# type: matrix
# ndims: 3
 2 2 11
 0.8060488493905883
 -1.522853551920829
 -1.079291207748874
 0.1853062183934964
 0.3111280962777064
 0.3191979384907877
 -0.2620953846677669
 -0.2447171714270986
 0.4944018694511021
 -1.204614188280693
 -1.018493783976282
 0.5315660964130957
 0.2212251146502658
 -1.052348134694892
 -0.497027193626105
 0.4278502529481005
 0.5389965007326829
 -1.252762968495368
 -0.03278982282297993
 0.03174869831459093
 0.5313919013474686
 -1.20831120592453
 -0.2151113796169517
 0.1769307081590712
 0.5465437063680704
 -0.6306268235786336
 -1.299282984130257
 0.3837251214717343
 0.5160069825079877
 -0.342944751126814
 -1.124929596985479
 0.2548922496288071
 0.5614693565847343
 -0.9916401691159766
 -1.399366442687247
 0.4879861317961378
 0.6338705706304145
 -1.196804314847313
 -0.7149662279545668
 0.2804618244783113
 0.4611264856455087
 -1.226733388564401
 -1.475700948835488
 0.6578078141146141


