# Created by Octave 4.0.0, Sun Dec 04 20:14:44 2016 UTC <root@159d599c3dcf>
# name: theta
# type: matrix
# ndims: 3
 2 2 11
 0.7286516086161409
 -0.5010400352639395
 -0.2445939709387102
 -0.6183965517243175
 0.3900047149676769
 0.4929944425057176
 -0.621600993986904
 -0.9063953232313113
 0.3200639946434816
 -0.706519882276778
 -0.4728475481707135
 0.4104564634220751
 0.1355834354795055
 -0.6406666828381442
 -0.1912217062001014
 0.4336023588270015
 0.5606005245980199
 -1.393214803964514
 0.3481682763846159
 -0.5386604227592797
 0.593824512090968
 -1.665484597421368
 0.3347901504382034
 -0.5069117244449299
 0.5595840060859548
 0.3166696093250139
 -1.386071916452272
 -0.4660897299246658
 0.5749747476300434
 0.3819221611964212
 -1.500967665260962
 -0.6256717997489645
 0.5557628321586393
 0.126315880833199
 -1.359731499837578
 -0.1446102778898766
 0.8038539563899373
 -0.9271669720181017
 -0.3322503919315656
 -0.4263548645766289
 0.1449727277647352
 -0.3558552272381499
 -0.5543027271004202
 0.5970292798056096


