# Created by Octave 4.0.0, Tue Dec 06 00:27:57 2016 UTC <root@8f875efe14db>
# name: theta
# type: matrix
# ndims: 3
 2 2 11
 0.3101264126946166
 -0.3524628346477392
 -0.1430224330042049
 0.06458226672508527
 0.002661310938391281
 0.1796535232426466
 0.02961164542623163
 -0.175885316021243
 0.395541907322643
 -0.638227979512493
 -0.662278710488531
 0.3870982761393851
 0.2384820830671293
 -0.3911534268806887
 -0.3392525234328307
 0.2852577274494323
 0.2741827555548408
 -0.3790011681933285
 -0.1092181968075998
 0.09845543273449509
 0.2619479861704062
 -0.3559023151148801
 -0.1202436668191631
 0.1073246704754218
 0.2933119254639205
 -0.2346372204492542
 -0.4168208014618306
 0.1899112614848071
 0.2652011970640995
 -0.1032056069532368
 -0.3619649810407761
 0.09354361218725393
 0.369948027523414
 -0.4101454960089796
 -0.5935903474106559
 0.2900140771910773
 0.3494372766384517
 -0.461577688931784
 -0.3887781893232374
 0.2418143165766686
 0.3073393754694485
 -0.4743462946726837
 -0.5262036030835511
 0.3573375017340048


