# Created by Octave 4.0.0, Sun Dec 04 21:06:17 2016 UTC <root@edf3c9692684>
# name: theta
# type: matrix
# ndims: 3
 2 2 11
 0.8148197621264012
 -1.200083258415867
 -1.244334797927343
 0.1419595631925445
 0.338688710598934
 0.3110801918624355
 -0.4106219497878516
 -0.3037741019169318
 0.4666541855856393
 -1.258021197737552
 -0.9022336183763211
 0.5403326228959264
 0.1764766612003262
 -0.7626125784571109
 -0.344822498656983
 0.3791936034621577
 0.5292297383429647
 -1.196084631476935
 0.1576289442035796
 -0.1872115420881491
 0.5593071935802424
 -1.384136862979876
 -0.02469261259036282
 0.02409755157906912
 0.5836986467044226
 -0.4385259703690607
 -1.573378862618385
 0.3038114543816544
 0.5715772861720674
 -0.0471654684424252
 -1.474287959974163
 0.04504072542430793
 0.5666873008778726
 -0.6429384849772095
 -1.437246688293807
 0.3881526028154132
 0.6979433528234356
 -1.312186388966167
 -0.8716299610467311
 0.2645807411783845
 0.3878001450827421
 -0.9868098201824038
 -1.315312046342969
 0.6773567897105908


