# Created by Octave 4.0.0, Sun Dec 04 22:09:43 2016 UTC <root@194bcfaede75>
# name: theta
# type: matrix
# ndims: 3
 2 2 11
 0.7444758210225998
 -0.3891217312385358
 -0.1915530253987061
 -0.9381856936465023
 0.4183835062286855
 0.5016331849298994
 -0.7200065367858508
 -0.9831781653706555
 0.2756338451793182
 -0.5808731490124099
 -0.3814834985131565
 0.3654980381231843
 0.1125576055188071
 -0.5455323585910374
 -0.1535444453050494
 0.4024079970780661
 0.5570311720876832
 -1.36838671421707
 0.3473642089728577
 -0.5367112992213423
 0.6050165754180851
 -1.779529933235049
 0.3058927734132724
 -0.4429126502312686
 0.5636143076489591
 0.3265594102216001
 -1.414740823588359
 -0.4880708244465988
 0.5648753418637904
 0.3644680742034148
 -1.423906790602635
 -0.579368534616985
 0.5437334438537421
 0.193244444392106
 -1.281665739435995
 -0.2397548991610141
 0.8229906705802588
 -0.8727199494698024
 -0.3321902939716188
 -0.5318189350037856
 0.1265154071225072
 -0.3264982860336498
 -0.4996702756121572
 0.5945741829336804


