# Created by Octave 4.0.0, Mon Dec 05 09:03:59 2016 UTC <root@a30533df9844>
# name: theta
# type: matrix
# ndims: 3
 2 2 55
 0.8003609478460384
 -1.055260266321633
 -0.2263947093622032
 0.1681127863545167
 0.1730133607787301
 0.1121670520076901
 -0.09357679608879232
 0.0709774132838179
 0.1079242850387439
 0.1381780246850359
 -0.09982515380560009
 -0.09325971331991134
 0.1719110915844004
 0.0880757622046684
 -0.1621763634459867
 -0.02685443032214274
 0.5333128166828354
 -1.059793036819114
 -0.2014629035897872
 0.644746569147976
 0.1583808441743727
 0.1163044157541506
 0.03884983003244891
 0.1865847048821556
 0.03328724031907115
 0.4680726641222996
 0.2010217037757489
 -0.1536435223021351
 0.2790217838764352
 -0.1204864907993004
 -0.1875829855050386
 0.2986134549167483
 0.2534580876858976
 0.3089766291058615
 0.02660523103932366
 0.2851046274330196
 0.1727213425496205
 0.405953748794861
 0.04535617767546518
 0.1855672977386991
 0.03021475050194533
 0.00905729584502768
 0.1222335451809065
 -0.1038699524409177
 0.03441455402459859
 -0.09606269689932989
 -0.05020375415903144
 0.08787080399957459
 0.01850083517429957
 -0.03890081230869935
 -0.03098572139302602
 0.03564770037336662
 0.1525688869968825
 -0.4860259651004561
 -0.6183310531769703
 0.1748803417670421
 0.0992921031231252
 -0.2894812520648777
 -0.2452060125550231
 0.1248719962428106
 0.01519153681747998
 -0.03233337111511458
 -0.02233393001310469
 0.02511006700267493
 0.005039551545106158
 -0.01175769303735352
 -0.001031867116611851
 0.008358862037750825
 -0.01427852395234019
 0.00348264535078302
 0.08004593203542942
 0.004725155823581018
 0.03865811388186891
 -0.1484587668020638
 -0.1027638866317409
 0.05026638471976796
 0.2417502556093445
 -0.439043393801182
 -0.3845096978199121
 0.2800782337955428
 0.1180374883299369
 -0.1840054244396119
 -0.215371808607199
 0.1610806060542616
 0.102616660803336
 -0.05137577109250735
 -0.1787838923831808
 0.07734384813655448
 0.07255156329552725
 -0.1335723016000123
 -0.137430045913755
 0.08736232430737045
 0.1624827578524707
 -0.3337702863762577
 -0.3483397035507321
 0.2244404050759554
 0.01109694208692102
 -0.01796728339647569
 -0.02066160882380985
 0.01298921548895637
 -0.02488528239828813
 0.0298433135815952
 0.05985819507529566
 -0.00893579886566287
 -0.0008691460354839364
 -0.0180575473062603
 0.003011519525980111
 0.01314609525331201
 0.1549215959937802
 -0.3081618165369675
 -0.3413846438534951
 0.2259524178505599
 0.07170684168442332
 -0.03211588543121069
 -0.1041745593096353
 0.05395018368916249
 -0.02450226318592419
 0.03778632800018911
 0.03973289747336772
 -0.03013918900416535
 -0.03310177902690103
 0.04248587171897866
 0.05559858184711453
 -0.03816929172406169
 0.04740181121926845
 -0.09748031380771605
 -0.07889992141079216
 0.08189468693715263
 -0.03401194079689951
 0.02555835822728447
 0.05502609917184342
 -0.02130992035094015
 -0.0666144861256257
 0.08642369445803988
 0.09384900288092823
 -0.07465457465852054
 0.1338828005353397
 -0.2456848129230105
 -0.3003066399421441
 0.1796588464351014
 0.0009379688122974628
 0.003639327891423072
 -0.00127589383841098
 -0.002309887053001836
 0.03731331824850859
 -0.069983360425937
 -0.06759335208179951
 0.05530100316921494
 -0.02262725481800043
 0.04070107121026223
 0.04130592827503055
 -0.02940982186100194
 -0.09737937627582327
 0.1678994793053308
 0.1750823683488401
 -0.1225784121782951
 0.06010149715106938
 -0.1430718129446154
 -0.1008300094839483
 0.09673126259194653
 0.1096479319056027
 -0.3665773838961166
 -0.2743481166470789
 0.1211682225156578
 0.03475715961979886
 -0.05547215210161349
 -0.07017322648440572
 0.04024886965168117
 0.1189941245383719
 -0.4837308307061994
 -0.4620839170818378
 0.1371779927769952
 0.2378224305803476
 -2.185414840178086
 -1.558798292026229
 0.2827925016194092
 0.1227349241561456
 -0.5700518704384225
 -0.4712780118418531
 0.1184985860463535
 0.1850592620934252
 -0.442631225928281
 -0.4781336799161249
 0.1725151135611844
 0.0563834103676969
 -0.139301080372054
 -0.1969357081490744
 0.0548534297022667
 0.008599751218674845
 0.01039906570748927
 0.03098741810932193
 0.0137803525102882
 0.08025052722021619
 -0.2901137938429512
 -0.2429345997884149
 0.1102310000254176
 0.2154818165943656
 -0.7690133900052505
 -0.7250453913270372
 0.2652454246235696
 0.08503188989728339
 -0.0940714933889697
 -0.18623658933584
 0.07978497654941674
 -0.03628190681969323
 0.06474725323820119
 0.08783494267330272
 -0.02960027984006541
 0.01643936515696076
 -0.06692974618213876
 -0.1533485374708587
 0.04253837131682436
 0.1144691633939033
 -0.4628332258434531
 -0.4129056657259009
 0.1326624627862636
 0.1218138313631529
 -0.6818302661580553
 -0.5050760778954735
 0.1312321526728703


