# Created by Octave 4.0.0, Sun Dec 04 20:08:42 2016 UTC <root@384a1daf3d1e>
# name: theta
# type: matrix
# ndims: 3
 2 2 11
 0.7892079961923238
 -0.9872840009049662
 -0.7950019406027971
 -0.02586885306493292
 0.3453400435534039
 0.4017577412916433
 -0.4579661507861692
 -0.5347143626695601
 0.4094079980625148
 -1.062897918538192
 -0.7046755188444751
 0.5036408704799
 0.1703383359905998
 -0.7473757401343231
 -0.2762985209382751
 0.4106844689040376
 0.5176832991311321
 -1.133624334627847
 0.2234056401638882
 -0.2881190399046052
 0.5817256654582719
 -1.556481185447836
 0.1827583333896476
 -0.2237990741171301
 0.5842039814727171
 -0.09478607077768819
 -1.577758583895141
 0.08657440953671625
 0.5755028700199603
 0.1957737015017913
 -1.505187891060327
 -0.2436672773337809
 0.5565987153807954
 -0.3950347658292785
 -1.365425948685143
 0.2824258185630113
 0.7250836617230475
 -1.367246166149162
 -0.6325225587435401
 0.138925472230168
 0.3519274542889479
 -0.8730414230119536
 -1.232519211733836
 0.6821045626954638


