# Created by Octave 4.0.0, Mon Dec 05 05:49:28 2016 UTC <root@36b1a830d543>
# name: theta
# type: matrix
# ndims: 3
 2 2 55
 0.8562823996840578
 -1.327299609513592
 -1.166250749282179
 0.2574472540301205
 0.2821395095267474
 0.1092819272696599
 -0.1532777924497435
 0.1658543395459422
 0.1670640620692647
 0.3337838477303321
 -0.08653104081639551
 -0.2775223902684287
 0.248734283553245
 -0.06116003603244957
 -0.3023156460178769
 0.09101899361997234
 0.6649969206936297
 -1.283675360590498
 -0.6664378835075344
 0.678827260848367
 0.007851971562761073
 0.8389401362078908
 0.4574769394133915
 0.1317876496457899
 -0.02480965794436218
 0.6404639174414108
 0.3788473034476705
 -0.2763490897633916
 0.2611033632612045
 0.02488794446250431
 -0.07324682253573345
 0.2883872021145549
 0.3149147555590374
 -0.2875727966789881
 -0.09346521965444587
 0.3707599274282858
 0.2408397676134119
 0.4392976171119343
 0.07046028011187078
 0.2687271532469176
 -0.03112686679792864
 0.2018346296833649
 0.1024598386024809
 -0.1183875662833647
 -0.004613517256239708
 -0.008573265912226402
 0.01533747456789669
 0.01327280363576988
 0.0256492589584697
 -0.04672175024940972
 -0.0508536417670411
 0.03622696670465486
 0.1386404761811537
 -0.4297016041243018
 -0.6047465616085126
 0.1615922710929327
 0.1958667761557329
 -0.688713365893511
 -0.5034571637127598
 0.1877170341698513
 0.08749006104576451
 -0.2973587923429448
 -0.2065761843872791
 0.1642207242616747
 0.01965047022347821
 -0.07966772389745946
 -0.05261404479363407
 0.02779074220949806
 -0.266577001420422
 1.025871956246976
 0.8745885491011542
 -0.3413269656698201
 0.07604542146232851
 -0.4570440143080203
 -0.2482173657101145
 0.1176192174120816
 0.2279537768830353
 -0.5103846460814658
 -0.6238168025000395
 0.3961588874285962
 0.1220490861128617
 -0.2588117189720687
 -0.2510517221489268
 0.1854488960170735
 0.1072664488479647
 -0.06849901498081157
 -0.1641545889613087
 0.1340825227004623
 0.05383753039884198
 -0.008998815737365273
 -0.1038449799648549
 0.01746724873517103
 0.2467821610066557
 -0.7348046825034347
 -0.727306065872745
 0.3458239265188037
 0.09469201299674257
 -0.2559646862584728
 -0.2395975385306979
 0.1134218240067033
 -0.1241368976505688
 0.3246740919495674
 0.288293349608814
 -0.1764374406838751
 0.03839654006298443
 -0.08690077741698254
 -0.06701110103360253
 0.05849772033068645
 0.1892457557282965
 -0.7331100607465322
 -0.5290541125596686
 0.3259381598625084
 0.08416291107706153
 -0.1472922484097057
 -0.1547490843622925
 0.1366099512949188
 0.01432853854553351
 -0.02480290086880643
 -0.02185279376162419
 0.01410202017371609
 -0.05877188336167938
 0.1425943683255104
 0.122742725308693
 -0.08946573474862363
 0.01857157143926391
 -0.06650394529476089
 -0.03374078919695211
 0.03950100974194881
 0.04537940056152068
 -0.09863507693611329
 -0.08083056411823075
 0.06897815853226463
 -0.04522715242398834
 0.09202194157803723
 0.07672069757177113
 -0.05654372588549506
 0.09023109628750536
 -0.1920018821933094
 -0.2267360963525356
 0.1321538073807278
 0.1180279605677
 -0.3321469142384443
 -0.2264536185434964
 0.1514857894380008
 -0.01211689887486889
 0.04428209697485364
 0.03073013679683578
 -0.02644742335246297
 -0.04559930815348423
 0.1157523526064268
 0.09368441523643667
 -0.06816968511688848
 -0.1230516195759146
 0.2714189120093742
 0.2400352292182697
 -0.1857114992985616
 0.001267435504115566
 -0.04868004535502823
 -0.002115971885000789
 0.02896417184081379
 0.10880985761437
 -0.5948742792556803
 -0.3066356471320666
 0.1436736705204652
 0.05479502120140267
 -0.1505410808316903
 -0.1529337936858999
 0.07021721387687463
 0.1412082433436292
 -0.767556755802171
 -0.5729560601268018
 0.1651858691515361
 0.2949969039955134
 -2.705008894896121
 -1.835446396581474
 0.3642149352372294
 0.1148540943924815
 -0.8546453442233046
 -0.5345384232482324
 0.1293968037536981
 0.1826561534958487
 -0.4943910460402379
 -0.7708863721929999
 0.216226113368376
 0.03024308949054322
 -0.03363794040078227
 -0.1253913535936668
 0.01461539910109044
 0.09512908368994399
 -0.2005527671998215
 -0.3753286773170341
 0.08678394976844683
 0.1154922118863017
 -0.3790032828918775
 -0.5389715917434761
 0.1149416884039843
 0.2074512030768324
 -0.8412231361720099
 -0.7091949463511997
 0.2391138931759249
 0.08616321197377497
 -0.06222569981093073
 -0.1722274479922901
 0.0832172152380446
 -0.1208291394084103
 0.3159163498954365
 0.3072391511581423
 -0.1349548468860804
 -0.01683927449356359
 0.05071664486878591
 -0.0405665575872316
 0.01842586378286981
 0.1227440846285913
 -0.5523455500787944
 -0.5610575977357253
 0.1330860138236467
 0.1212415145653917
 -0.8514303946426525
 -0.5650662995940197
 0.1253946526217086


