# Created by Octave 4.0.0, Sun Dec 04 19:09:47 2016 UTC <root@9774d239861c>
# name: theta
# type: matrix
# ndims: 3
 2 2 11
 0.3213105118297233
 -0.2058023077565276
 -0.02624838576743382
 -0.1827463395120061
 0.1145035915353358
 0.2612642794396836
 -0.1114147767138771
 -0.3242721157490001
 0.3238247415755295
 -0.5572842390265498
 -0.4809518738885923
 0.3562526861760582
 0.1905100564254372
 -0.3730559192566862
 -0.2452076871080524
 0.2783547101044601
 0.3482091842559045
 -0.5387597302804428
 0.0270921391887109
 -0.02784661087736451
 0.3757436910193651
 -0.6089418522448635
 0.01490123883613448
 -0.0151266488777746
 0.366922986981423
 -0.01686297574342199
 -0.5857050063937386
 0.01658332501906812
 0.3683985180303075
 0.05635795251430276
 -0.5895405107761817
 -0.05972486804436494
 0.3838422127679976
 -0.1726286630649905
 -0.6309497827489343
 0.1471692074133093
 0.4429568444355514
 -0.4422535391566447
 -0.2777351135381496
 0.04172788853992526
 0.2072902725062324
 -0.3305832857633106
 -0.382323603139362
 0.3280720995057844


