# Created by Octave 4.0.0, Sun Dec 04 20:20:45 2016 UTC <root@c49923902914>
# name: theta
# type: matrix
# ndims: 3
 2 2 11
 0.7481848795182728
 -0.4026192569267977
 -0.1830874630591737
 -0.9530109443150456
 0.4089224512949179
 0.5021709663886404
 -0.6907110926314286
 -0.9824526096863906
 0.2821481785845987
 -0.6045391937799089
 -0.394104559006393
 0.3746377833949535
 0.1137968710365546
 -0.5301338048495157
 -0.1557760395614236
 0.3993118667225009
 0.5590305902562408
 -1.382207538178596
 0.3497599806510994
 -0.5425347285366771
 0.5984898036819218
 -1.711299667502269
 0.3059905618314014
 -0.4431194526552027
 0.5602954525551546
 0.3336878724035921
 -1.391064992012404
 -0.504358765608955
 0.5645840565043928
 0.3800708641960624
 -1.421781047243035
 -0.6206185717248607
 0.5408947164275969
 0.1929175091588065
 -1.264228558561075
 -0.2392510151948148
 0.8169553936447753
 -0.8756009655795918
 -0.3201981449264002
 -0.5212368256732951
 0.120501686544176
 -0.3011962731054938
 -0.4637491231597948
 0.5616596247756935


