# Created by Octave 4.0.0, Sun Dec 04 18:52:11 2016 UTC <root@131c7d7ac528>
# name: theta
# type: matrix
# ndims: 3
 2 2 11
 0.6449946549695398
 -0.9631766328493887
 -0.7692821407770829
 0.2224411642245194
 0.06116882187375061
 0.1781250323758015
 0.01289871860591796
 -0.07523286172721466
 0.4676034482231716
 -0.9221658047096968
 -0.9056920032641012
 0.4719891287034641
 0.2797932915212163
 -0.5727398469323663
 -0.5851690959394447
 0.3556870943245189
 0.2640722068126031
 -0.3598545968561664
 -0.2056276964274226
 0.1704715168763802
 0.3156214411410474
 -0.4638006851211172
 -0.2755396856260386
 0.2157867130885227
 0.4274440148270301
 -0.752463757716225
 -0.7621400520468242
 0.424480374221804
 0.401010757758765
 -0.460623675116008
 -0.6799019538099593
 0.3141608554582691
 0.4906229164485534
 -0.9084680061927988
 -1.003302108863767
 0.4680383485608981
 0.5246716315493727
 -0.9308188324371098
 -0.7889382452016434
 0.3794896217048955
 0.4698440343828302
 -1.056760019158855
 -1.164640477801191
 0.5586946299417435


