# Created by Octave 4.0.0, Mon Dec 05 17:28:14 2016 UTC <root@86fe9963c990>
# name: theta
# type: matrix
# ndims: 3
 2 2 55
 0.2619461442555969
 -0.07555584518887892
 0.1522069290873296
 -0.03900342220383091
 0.04983679266700936
 0.1411512102274972
 -0.02007861407292766
 -0.113617998277354
 0.07832024786734704
 0.147924592186794
 -0.06833700210515592
 -0.1488777275030244
 0.07382414561286854
 0.1267948947979496
 -0.06523923780484941
 -0.1240758231418069
 0.3942258770175262
 -0.6984234509465983
 -0.6029467060346467
 0.4337459295818811
 0.07791546577840003
 0.06920663785908432
 -0.06755769498718966
 -0.05219431120787554
 0.09905414687600822
 0.1080181813897843
 -0.1016689356164704
 -0.1099595860607838
 0.02993768827308507
 0.09426557117165246
 -0.003768908786038416
 -0.06300630280743946
 0.05635252512495259
 0.1796463514920854
 0.06282126633772411
 -0.007362250890818656
 0.0750226092949009
 0.07309699317747054
 -0.04816949956474037
 -0.03479771524904196
 -0.00834542241186309
 0.02828251588284925
 0.04322204752201819
 -0.04397962881697159
 -0.02498372261346549
 0.03747378829012371
 0.03769264925986149
 -0.03842309241046449
 -0.02251161234984633
 0.03326676808108653
 0.0327051921277246
 -0.03365731246444859
 0.34748901147985
 -0.6871134349186898
 -0.7103251059954285
 0.3905543432177101
 -0.02371816964691242
 0.03215397920920227
 0.03572786156081054
 -0.02817029137427896
 -0.0268670619047966
 0.03136691740577047
 0.03778090934295308
 -0.03408398874123741
 -0.03020153059608366
 0.04410363529906092
 0.04712880280985132
 -0.03370604885447892
 -0.03612691779284938
 0.1005172106971197
 0.1129608546652365
 -0.035433491814161
 -0.03294269046014575
 0.04771665945637715
 0.05388676683671467
 -0.03725871498719124
 0.02161844044706873
 -0.02400136499496575
 -0.02592298298216855
 0.02963044555373884
 0.02336544813765551
 -0.02604532422011707
 -0.02836634417040229
 0.03182641967912159
 0.1945869505764148
 -0.2938818126002383
 -0.2753958036109008
 0.2364518176324593
 -0.003789094348038313
 0.006556209864489571
 0.005485559602034895
 -0.006007093602688807
 0.01387814541520216
 -0.01561285483483998
 -0.01733560241957144
 0.01921254859352728
 -0.010416815363544
 0.01527153662134162
 0.01338985463031372
 -0.01412852125651853
 -0.03301857848495993
 0.05030448901043627
 0.04770997469149973
 -0.03929436360116223
 -0.009558609827772013
 0.01247376855197313
 0.01284665243017646
 -0.01161596462224757
 -0.0006117933629095074
 0.001232753008090892
 0.001221622189953919
 -0.0006379425602787148
 0.186778970261867
 -0.2998154308195609
 -0.2577830248336623
 0.2444749888299729
 -0.008337692709388778
 0.01152723327097149
 0.01041951186053036
 -0.01208455666136299
 0.0002936038504810501
 1.140118957021485e-06
 -0.0001060707061544264
 0.0003914513915543871
 -0.03030692491128928
 0.03984391063199966
 0.03482625674380135
 -0.04159312803348203
 -0.03075919248305681
 0.04917872045672977
 0.04198991838474986
 -0.04047521325602554
 -0.02711099577735032
 0.03607870228685872
 0.03282543106717251
 -0.03791284590624944
 0.1579462704135248
 -0.2434164878546339
 -0.2149009653613159
 0.2032532481298277
 0.00723230008117981
 -0.00845171391041033
 -0.008314841877657519
 0.009829943496298288
 0.01827531784528835
 -0.02285611062933701
 -0.02357214397864404
 0.02700317824284859
 -0.01148300722034801
 0.01569676124765218
 0.01387935639360349
 -0.01544992307159943
 -0.03443418945196641
 0.05148789730339831
 0.04512851286368602
 -0.04481100571216712
 -0.00651921965216995
 0.009307228065703166
 0.008488213167618719
 -0.008998940662941823
 0.1881764724602355
 -0.291863545374387
 -0.3132962278761582
 0.2289733322783971
 0.1312880428529257
 -0.1807634234708599
 -0.209761663501989
 0.1712112701098834
 0.2377542753496615
 -0.4024617528594023
 -0.4082560870398104
 0.275570695362203
 0.3892678140805986
 -1.439168216186884
 -1.435148038330706
 0.4336851104598727
 0.2391332986238519
 -0.44921034148626
 -0.4847989114157389
 0.2764759394867147
 0.02261364689228906
 -0.02558496785729036
 -0.02553250383892314
 0.02184856393048173
 0.02394896019565484
 -0.02933842780601092
 -0.03147094175159437
 0.02641439627841224
 -0.01032855207099237
 0.0180369764126096
 0.0177655651031603
 -0.01163254652428836
 0.02049786215819616
 -0.03053572351012379
 -0.02875763147116484
 0.02732558329133195
 0.02883767247118674
 -0.04137229411652465
 -0.03665852326928443
 0.03822327276839266
 -0.0001689272241534034
 0.002014127367690799
 0.001165020131597805
 -0.0005453279126628185
 -0.00551052834777388
 0.007684156971441647
 0.007195750358068853
 -0.007364699896745597
 0.01110803490897316
 -0.01781711535131714
 -0.01779475091948934
 0.01306026036738106
 0.01168288577243337
 -0.01639263653236345
 -0.01694126293010023
 0.01430600376595681
 0.04182379979495709
 -0.07921542889641753
 -0.08408399396485988
 0.049304643594553


