# Created by Octave 4.0.0, Mon Dec 05 23:25:46 2016 UTC <root@94556b576ac7>
# name: theta
# type: matrix
# ndims: 3
 2 2 55
 0.8590267343653877
 -0.7272556527402392
 -0.1239277989760859
 -0.2005399521280649
 0.3949283324256386
 0.3475287991147304
 -0.6101788338439547
 -0.4488812125335189
 0.3983631069933719
 0.3676732703210928
 -0.619835707224788
 -0.5249599060863388
 0.4294377077631222
 0.3362442833334938
 -0.6976490366487891
 -0.4582756815249516
 0.3682310003164542
 -0.9550710475765212
 -0.2674539436319843
 0.6465391456332503
 0.3449035132833599
 0.2774865966947904
 -0.2967440071279928
 -0.1957508405436208
 0.3707784371759709
 0.4578333673885966
 -0.4287567649557644
 -0.6746687375960545
 0.3132819538910454
 0.1489339148371713
 -0.2637621281653411
 -0.006223450095521832
 0.2349304943824074
 0.5602797081106359
 -0.1406760781010918
 0.08997915642355636
 0.293133046734354
 0.1675327714631081
 -0.1806824154749642
 -0.008010205456516317
 0.08356288891246355
 -0.1455110661261008
 -0.03526792541822266
 0.01669142893185516
 -0.002579120334278873
 0.02416591475728014
 0.01563387761711499
 -0.03839024948671899
 0.006676673901836572
 -0.01278332158420437
 -0.0169679997133052
 0.03621733117971138
 0.1653593006068046
 -0.4710942001226077
 -0.4380173633886373
 0.2009506624525175
 0.03593427605174804
 -0.1525951069637652
 -0.109403525956755
 0.1604176231597709
 0.02358508884603316
 -0.06335641219423715
 -0.08679184081323532
 0.1237057522686704
 -0.01624537889087441
 0.01632386401852481
 0.06677707842023906
 -0.003609108411034123
 0.01302394948886876
 -0.05765326363186496
 -0.02008575574756422
 0.0373761533984085
 0.04330451823378156
 -0.1734737896762895
 -0.1358268040640787
 0.1219885513008481
 0.0716675104522011
 -0.1978558487643665
 -0.2176939308506238
 0.3133273045947713
 0.05676363165428122
 -0.1470961354642386
 -0.2132898826733809
 0.2745417256602547
 0.06936872931184557
 -0.07916722497568696
 -0.1059571456400479
 0.07111840128039204
 0.03010591225952997
 -0.1224525831495566
 -0.08260266402794603
 0.1585667294255608
 0.01804063903058473
 -0.05859014464534473
 -0.06439665491037605
 0.1218214407135321
 0.0008658180165183049
 -0.02804602980798632
 -0.001770622933994881
 0.03187967736374686
 -0.03987918757299969
 0.06376942990419643
 0.0657506413085045
 -0.04917422091977453
 -0.01581172241252637
 0.0227625971168568
 0.03390606149760167
 -0.02522072750972182
 0.01606129998047134
 -0.04975379135563696
 -0.05540365261323532
 0.1003425321603761
 0.1158239665251729
 -0.3928400671734127
 -0.1880630203504532
 0.262918372490871
 -0.008120050211540275
 0.03268153767852122
 0.02116218501063005
 -0.04750211648860914
 0.02217780819559623
 -0.06673420909205308
 -0.07920987813265778
 0.1375764429391415
 0.01067220079946718
 -0.04539993012198185
 -0.02272629609499655
 0.05133470328958456
 -0.04601935254522083
 0.1191813026604138
 0.07426340717018687
 -0.09974922332241309
 -0.004954362231696319
 0.005718882935273895
 0.01040369514258077
 -0.006100397931442014
 0.1174934762751447
 -0.5382050070211184
 -0.1952968749873967
 0.2985312660078978
 0.02038096466618555
 -0.06247970558094673
 -0.05609299949892366
 0.07721074084016566
 0.01251095008819092
 -0.03720101886388982
 -0.04487647220854352
 0.07379347826852189
 -0.01152091140857558
 0.04553477618415114
 0.02501017004203665
 -0.04860814721448214
 -0.08341179071917448
 0.3000028849631531
 0.1361856231652863
 -0.2356580052384349
 0.0292105131503736
 -0.1255659164308991
 -0.06515680396140899
 0.1214518560462081
 0.1278402004465553
 -0.2848348130129219
 -0.6508066459170827
 0.2441395762580985
 0.06247880081645474
 -0.09903989789221979
 -0.3337275431421332
 0.1712532304372014
 0.1579195598091384
 -0.4009624888613845
 -0.7959439291477381
 0.2585841849278523
 0.3020018275969136
 -1.722458196739525
 -2.030809926667483
 0.3965691839998114
 0.1224494295454928
 -0.2007438064568996
 -0.6560650553012786
 0.1130212406971938
 0.05828533673806702
 -0.1079609905103998
 -0.07285204303238224
 -0.009808698572840058
 0.06408739262821672
 -0.2293127556552936
 -0.2010395167512402
 0.145440926263426
 -0.02327739641260762
 -0.0336962581774487
 0.07424503289681716
 0.03095367735581367
 0.02600306440473221
 -0.1548081978804956
 -0.07831034162415418
 0.1041318571718326
 0.08270346978412479
 -0.3707875535520411
 -0.1960055792227806
 0.2288846951892978
 -0.01170635344648063
 0.02267241434462575
 0.02625403903710732
 0.007824359064816599
 0.02215285412159507
 -0.1226200174175176
 -0.05308748733557689
 0.09917236314674627
 0.01164932625820991
 -0.04693725961382933
 -0.01314128097250888
 0.01289194968446972
 0.0644753186540975
 -0.2494968389073811
 -0.2416656773637942
 0.1497158290043665
 0.06706057465203807
 -0.2131169767207977
 -0.404058708886474
 0.1303144186856624


