# Created by Octave 4.0.0, Sun Dec 04 19:04:41 2016 UTC <root@f15bfaa8d562>
# name: theta
# type: matrix
# ndims: 3
 2 2 11
 0.7416508289945952
 -1.401869569369762
 -1.359596919779134
 0.3349988009952727
 0.06917666151961266
 0.4721104531604172
 0.1779813096162657
 -0.185259282725371
 0.562176229060795
 -1.300850921021089
 -1.378886661853315
 0.5546643318092985
 0.3456752588769608
 -1.05534956182718
 -1.07985656840851
 0.5022121505760704
 0.4588658848352878
 -0.8729402910005319
 -0.3101549283038121
 0.2363887780642582
 0.4345731922662333
 -0.7859289140109116
 -0.5389965007327118
 0.3483066942681909
 0.4903645518946387
 -1.609437912434157
 -1.002152022480557
 0.5877866649020613
 0.4825824114525846
 -0.7621400520468575
 -0.9682504708048758
 0.427444014826978
 0.5133540701193376
 -1.321755839982387
 -1.111351314445505
 0.5500463369192474
 0.5708576028016851
 -1.24559447901674
 -0.9454898865664223
 0.4408044745534665
 0.4958779469689273
 -1.139371722582724
 -1.312386209128719
 0.5733107560917069


