# Created by Octave 4.0.0, Sun Dec 04 21:46:40 2016 UTC <root@f54887a4b0c8>
# name: theta
# type: matrix
# ndims: 3
 2 2 11
 0.7950789526218209
 -0.9868925102400961
 -0.7853795588775858
 -0.04393836895868408
 0.3775520731816872
 0.3976469652817394
 -0.5386932981605344
 -0.5393766636777091
 0.4038516737377413
 -0.9992352287286534
 -0.6881450394682305
 0.4898426871193586
 0.1583309143183631
 -0.7657943368701536
 -0.2583696402484328
 0.4081436501798348
 0.5319892804695869
 -1.211720491116782
 0.2015109812087701
 -0.2526363055387861
 0.581272784560257
 -1.55264707808734
 0.152828802569321
 -0.180473859290615
 0.5800389781112887
 -0.1191049129143156
 -1.542284291051833
 0.1064167608048621
 0.5750884729514432
 0.1685771595375067
 -1.501874752713944
 -0.2028747959797346
 0.5726039996237674
 -0.3640620406997279
 -1.482266281325542
 0.2663194443104779
 0.7003328402208427
 -1.11803037452521
 -0.5839478885949863
 0.09618392385289232
 0.3268469749993215
 -0.7890133194527809
 -1.174217568529794
 0.6807333998721419


