# Created by Octave 4.0.0, Mon Dec 05 20:35:02 2016 UTC <root@ae379addef9f>
# name: theta
# type: matrix
# ndims: 3
 2 2 55
 0.7487747672715227
 -0.3228364844871849
 -0.0438267740770435
 -1.20556855704304
 0.4302496527814212
 0.4743710874754066
 -0.760990858710616
 -0.8377116046105049
 0.4580435045196283
 0.5057374747294592
 -0.8600261662498738
 -0.9955862153891872
 0.4594890653432053
 0.5474407035119977
 -0.8596538501737081
 -1.110645775491836
 0.2579208402484707
 -0.7934480520462355
 -0.3427085433702455
 0.4600586073759432
 0.455428244853437
 0.4770083869351631
 -0.8531176358410286
 -0.9146256018727716
 0.4775732338909833
 0.4982293755615905
 -0.941983725279349
 -1.01246989077216
 0.3870674579536869
 0.4395533987874056
 -0.6317896315154787
 -0.7570126631442706
 0.1831719515335636
 0.3763957091417494
 -0.1845962827422882
 -0.3409260044201012
 0.3928056401628357
 0.4058234891381576
 -0.6488432707059926
 -0.6581130711980965
 -0.001536068478661279
 0.02376621420791158
 0.06026062313726066
 -0.1521828870635855
 -0.01172582332285377
 0.04149037271744627
 0.05178004428407701
 -0.1311782865720175
 -0.01725260561300779
 0.06279724684812105
 0.08122939639095517
 -0.1915513324592184
 0.2160676507559504
 -0.6688345578739781
 -0.326630321860039
 0.4397799911771865
 -0.0094875850010403
 0.02148363274928
 0.04083953551728703
 -0.06597159383049878
 -0.009366089681585699
 0.02137516160852293
 0.04337513737768983
 -0.07872213749540791
 -0.02289796408096312
 0.05276237036025067
 0.07189140605276578
 -0.1375044890705905
 -0.02562927501880174
 0.06251364495570932
 0.07533292710330053
 -0.007340452032003286
 -0.00913112743985256
 0.02037455928673904
 0.03142682644955808
 -0.04010024674814572
 -0.0008942920982546454
 0.007730968140790662
 0.009981856601764205
 -0.025950304838533
 -0.008337010515744925
 0.03520746073792624
 0.03731347949090424
 -0.1096178819540263
 0.1265949132887711
 -0.45970718051184
 -0.167615031141253
 0.3523911523688643
 -0.005132657845232258
 0.01875579073473754
 0.02058410678463019
 -0.06445309128739973
 -0.003182877759918656
 0.01206249302334395
 0.01438550958199492
 -0.04452351210541305
 -0.008914814159936224
 0.0329066288807065
 0.02739802875439912
 -0.08614182185777386
 -0.0219943561713537
 0.05443679494269738
 0.04415337627038474
 -0.03968731104898948
 -0.002633222440512006
 0.004902391285772856
 0.008721357585357525
 -0.006169302787041975
 -0.01348578405704071
 0.05111656882909155
 0.0541394985674859
 -0.1745117856129146
 0.1188431811137703
 -0.5699128539677734
 -0.1560270093570859
 0.412166256572597
 -0.006917547558181303
 0.02781260741469693
 0.0272531185214322
 -0.09990048405425123
 -0.005074312434132144
 0.02057997033396597
 0.02235854619724531
 -0.08101077617126107
 -0.01428501718424968
 0.0561803558682421
 0.04258579278715202
 -0.1614107765192228
 -0.01747033684092814
 0.07176623046875896
 0.03438643532302277
 -0.05704262024522766
 -0.01069476429694294
 0.04117832956532541
 0.03152649876727387
 -0.1114282462540368
 0.138895133501642
 -0.8213784462534792
 -0.1890652846784322
 0.5135873375541504
 -0.003386702463877567
 0.01687182061021164
 0.0146067424376517
 -0.04309965354718726
 -0.007274224625453019
 0.03045825196273788
 0.03213336120656929
 -0.1182990861097193
 -0.01486028728037925
 0.06333415372982043
 0.04534221401862215
 -0.1658645986616367
 -0.01226495563747254
 0.08637417790430835
 0.02875596032460903
 -0.02850963799261752
 -0.01083299125323256
 0.04798471882908317
 0.03248140927838938
 -0.121205011272115
 0.1069678817459726
 -0.1398905403833011
 -0.523114280129501
 0.3623028059937918
 0.08586003513736851
 -0.1103153084175745
 -0.49088351668671
 0.3641422381297268
 0.145233191578133
 -0.2004917847986798
 -0.6138857798554311
 0.4265441817619713
 0.3381249343700856
 -0.8450799289941329
 -1.741514095824221
 0.5441406332154963
 0.1376689005531084
 -0.1941674878024788
 -0.59540178048647
 0.384384575895429
 -0.002449285706044246
 0.01451714926366798
 0.02029324543659894
 -0.08771282913772716
 -0.005267965854759304
 0.02655518878076735
 0.01618788872069832
 -0.0671707896266529
 -0.003941059503413058
 0.02155028643392587
 0.007458839437393339
 -0.02185849707195908
 -0.007098312152573727
 0.02764454894178092
 0.02140675575118256
 -0.069092501689759
 -0.007849496736989592
 0.03537583291754198
 0.02398256767706131
 -0.09452565244321098
 -0.005114760165023213
 0.02863029521234584
 0.009328417332114869
 -0.03175362715688479
 -0.007529320670851547
 0.03381235856304099
 0.02239253893118542
 -0.08768434752616772
 -0.00536136433478418
 0.02129928329872488
 0.01082506886714363
 -0.02221946489730886
 -0.01176272020830971
 0.03679608320051231
 0.03576714426486527
 -0.09287572716118708
 -0.007549871390132079
 0.01495124911579704
 0.02975333062891439
 -0.03022744846342862


