# Created by Octave 4.0.0, Mon Dec 05 17:26:20 2016 UTC <root@c3a7b37b714e>
# name: theta
# type: matrix
# ndims: 3
 2 2 55
 0.6998262591556415
 -0.5191575664711094
 -0.1664774427459492
 0.1431709741656133
 0.1057097707600569
 0.14927474501536
 -0.000302823527481566
 0.02726771844983622
 0.07418229087033179
 0.09228678766030152
 -0.06657159995931416
 -0.07632287645816493
 0.1023959616890091
 0.1058644279093715
 -0.09138813676112068
 -0.06984824909656906
 0.5089625603549194
 -0.6805704403048844
 -0.3408730494677079
 0.5460102599362839
 0.1358777313644512
 0.0158857021504577
 -0.01683695002174646
 0.1658096657503345
 0.01193228000866053
 0.3383402979996852
 0.1388033605133909
 -0.1684816771470268
 0.1878842285796067
 0.03161804322343187
 -0.07657906884206245
 0.167898837071184
 0.2363032107508458
 0.09753947061497525
 -0.0276898901249063
 0.2348749780609536
 0.1806159401853982
 0.1117532274330979
 -0.03381826356901163
 0.1618305613277595
 0.06920723178074906
 -0.03526423389059508
 -0.0122437340703776
 0.003229997724126799
 -0.04464417786672037
 0.06910512852805417
 0.06136466884189429
 -0.06540995191287635
 0.04047614161381974
 -0.07697570683839472
 -0.05818575323153041
 0.07108200289484667
 0.1741774410265035
 -0.5106580887621188
 -0.5602233194636468
 0.2265451045058104
 0.06185587639861034
 -0.1175457792294758
 -0.1106582500504447
 0.0701146229577212
 0.01436765372560977
 -0.02898725713014039
 -0.01467301358340012
 0.02971146227174071
 0.02784278092265335
 -0.0696960061987113
 -0.05020167079336901
 0.04053452639167898
 -0.003579047332286756
 0.005898391869253672
 0.03887181931305017
 0.008546505093134149
 0.03108956013238351
 -0.09330133245163896
 -0.06653814000229441
 0.04404878296851478
 0.1794749754790019
 -0.2636438711320279
 -0.2581188497732605
 0.2157793459561512
 0.1303654945821136
 -0.1980850067399047
 -0.2075165218515742
 0.17013084815992
 0.1553254332219886
 -0.2112184315803658
 -0.3064164747444162
 0.1779559493078982
 0.03716826122331551
 -0.04082393667792239
 -0.05715125187943992
 0.03222255084931258
 0.1745337151892138
 -0.3070970934275132
 -0.3392677894826091
 0.2229309667783552
 0.006703524834564822
 -0.004493062964836536
 -0.008725265105458346
 0.005507332356434969
 -0.08845240241610597
 0.1500899513673377
 0.1677792944659751
 -0.1046199110507542
 0.02134876836414557
 -0.05009838239165254
 -0.03574119833597744
 0.036696186187132
 0.08356235463927653
 -0.1306402788511085
 -0.1331214124295279
 0.11504003765423
 0.06687786191094536
 -0.08085143534792882
 -0.1131147174261817
 0.07881540083452965
 0.02133942574829972
 -0.02637043976442643
 -0.02920269975899781
 0.02241643815037331
 0.01785285179352214
 -0.02894927605811493
 -0.02803367229671094
 0.02637256166139723
 0.001543441255757338
 -0.004401666922439817
 -0.002223557379802177
 0.003988226179073351
 -0.01162502829144807
 0.01415721027816397
 0.01732560467369071
 -0.01289287631702529
 0.01905314497149679
 -0.0360742333580748
 -0.0275750775893997
 0.03160896249142597
 0.1790319772981499
 -0.3060635225046646
 -0.3504852024828899
 0.2532516763466641
 0.01049297536716298
 -0.01442310696963611
 -0.01494194563370166
 0.01160778946728325
 -0.002271274590158745
 0.004323760349664418
 0.00388011889262363
 -0.003620031596215378
 0.0008096810144955224
 0.0002501306831765859
 -0.001016932029723305
 5.161555119559402e-05
 -0.1365269895417023
 0.2176398618112156
 0.2142765470014634
 -0.187268668243489
 0.01882709106481628
 -0.04507980551684865
 -0.02907438927758221
 0.03629756457507383
 0.098271554587681
 -0.296075648989977
 -0.2303156553146282
 0.133963843418754
 0.04988011330684416
 -0.1026876264465162
 -0.1013716106858416
 0.06551503538424086
 0.1497926863265925
 -0.5751452698400135
 -0.4766551625612103
 0.18329284348815
 0.2709838382429827
 -1.94835814669495
 -1.498083167158063
 0.3261934532936767
 0.1345501832412122
 -0.5412629460297427
 -0.4786991570578967
 0.1428881246705782
 0.1364525192910176
 -0.2663434089563035
 -0.3011677284039591
 0.1352814299949203
 0.09628852791962195
 -0.2343108442748438
 -0.2795279464325193
 0.1040701530957016
 0.03629303478738466
 -0.04845231915104442
 -0.07243534689354858
 0.03587487549100388
 0.07660846631733342
 -0.1969314806469635
 -0.2128348267501514
 0.09062306575731105
 0.1649046464997209
 -0.4593756733253813
 -0.4138307383085127
 0.200361685957138
 0.08350640248493513
 -0.1360528158089112
 -0.1781375934996681
 0.08934965182485488
 0.02076238426043819
 -0.05248721020280622
 -0.04295170464832321
 0.02953446001765503
 0.007454138623173234
 -0.01220045369592082
 -0.04706575138659419
 0.01706036722682769
 0.08420922101885775
 -0.2635174679420178
 -0.260793812563441
 0.1016935151057925
 0.09759860463633352
 -0.4095172172537294
 -0.3457152662846514
 0.1089504125341574


