# Created by Octave 4.0.0, Mon Dec 05 23:47:39 2016 UTC <root@e6875d5f1a26>
# name: theta
# type: matrix
# ndims: 3
 2 2 55
 0.879304267363438
 -0.8231707445995116
 -0.5123928688193202
 0.02573209542267496
 0.3765776870376842
 0.2467533755074829
 -0.5098792033878787
 -0.2049473263023189
 0.3972842593422188
 0.3414923603650053
 -0.6289178852155595
 -0.480608490007939
 0.3486780697134514
 0.3319971588119437
 -0.3850214688057112
 -0.3573103093112029
 0.4683743012950677
 -1.025726394385921
 -0.2767871750932556
 0.6947372080235439
 0.326488744623479
 0.1954138252507023
 -0.1626807841705302
 -0.00770161947513115
 0.3291632449871196
 0.338745424077264
 -0.1878815570932062
 -0.3383663453835302
 0.2821352291693509
 0.3136744333523587
 -0.02659850928069174
 0.06126028808938755
 0.3058752080645428
 0.4177198506812894
 -0.2200012236870368
 0.2006255620431956
 0.2670769673878223
 0.3485751823798382
 0.03089537747659543
 0.05433851690998215
 0.06560236910513084
 -0.1249059314060152
 -0.06553290403832457
 0.05250121585994161
 -0.009228224506770299
 0.02165640785123002
 0.03564455922935994
 -0.03592247094456091
 0.02392036275151388
 -0.04989637874999509
 -0.07856879267539929
 0.07222691450140495
 0.1433082583685054
 -0.4083555289644463
 -0.4829986867723268
 0.1432602596972035
 0.0255401162996457
 -0.1547040230204426
 -0.07416622028629716
 0.1041517061425459
 -0.004505615978724342
 0.001065334160624598
 0.02906510420434305
 0.002959927743357404
 0.002687484660553685
 -0.06296050937942166
 0.004615909454325662
 0.03502612809293004
 -0.004953266096163533
 0.03306304208135202
 0.02467843736729791
 -0.000142739567578376
 0.06125376938011029
 -0.3450993033760779
 -0.2234452371910938
 0.1434784245209644
 0.09162017443658232
 -0.2349111909014394
 -0.3022200208254713
 0.3439336632057659
 0.08174279595606349
 -0.2244124718434135
 -0.2768277640854884
 0.2802021937732528
 0.03927777963142642
 0.03402774408327458
 -0.05787574379190907
 0.01137999683641455
 0.04708687460673922
 -0.1797498779721354
 -0.1219280691327569
 0.1577458296425094
 0.04376662210752069
 -0.1290829386925119
 -0.1427517170105208
 0.1730005282381661
 -0.0040381266455769
 -0.02153150597372111
 0.009124555806475865
 0.01690572901791354
 -0.03154862986548768
 0.0624346971716927
 0.06088955163139032
 -0.03450303798207721
 -0.001216919390666593
 -0.02674992620277838
 0.00359229008859252
 0.02433646125605993
 0.06442270699992514
 -0.2388352868379535
 -0.2025869415147672
 0.279929449005432
 0.1025573395443989
 -0.3012712776245303
 -0.1673740454685366
 0.2338575907970131
 0.01304594906205658
 -0.0371351228373995
 -0.02886199299391445
 0.03908916810128282
 0.0299185376368003
 -0.09287417499579198
 -0.08880620869260514
 0.1322978845726777
 0.01546353735171768
 -0.08778270028603918
 -0.02970312821743604
 0.07731421637321079
 -0.07224861392257165
 0.2006713455711013
 0.1147331879118891
 -0.1724732061318661
 -0.05295463657032062
 0.1592211098252752
 0.09504703524076841
 -0.1663203241707003
 0.1532142283897466
 -0.6531600027116542
 -0.3083499417162205
 0.3197092670280606
 0.004914918651403477
 0.004157176249976802
 -0.01187949909065389
 -0.003285429485786251
 0.003809857635782676
 -0.002243550792878191
 -0.01169222250279001
 0.003336740271891347
 -0.0007304237426585258
 -0.002909059343360276
 0.001780184352601522
 0.002689316503442285
 -0.09222361060290174
 0.3030588529458282
 0.1683159833642955
 -0.2041248087223944
 0.03376472928598651
 -0.1356795597900455
 -0.07358043019195226
 0.09873181951800536
 0.1120623717538943
 -0.3072926953283857
 -0.4878360379164173
 0.1792038183120521
 0.02733420838644507
 -0.03202096898807105
 -0.05401954588742619
 0.05474423703832487
 0.1385895298453651
 -0.4947209912967092
 -0.7418900186533328
 0.1986792262946384
 0.2581985325531596
 -1.694124066122131
 -1.761963160228355
 0.3346039733661602
 0.1457457760611939
 -0.451814105900239
 -0.9220743646910288
 0.1475824063356972
 0.09163985597158841
 -0.2083189453550214
 -0.2497088718128921
 0.09806486348188037
 0.07766915517731776
 -0.3610011168856713
 -0.2839753463448402
 0.1459041641259493
 -0.01047197845955383
 -0.05815339299300604
 0.06614270438843151
 0.0411470200379036
 0.0321287364327757
 -0.2098331310704435
 -0.1080315257547451
 0.09619274702518199
 0.1458410778487479
 -0.8487117432936611
 -0.3884155660776463
 0.2771169466610064
 0.05071727544913807
 -0.3332576066786288
 -0.1037591421378683
 0.1576463426292607
 -0.02546794313137368
 0.08240168641690104
 0.06706935679456749
 -0.03884314717143256
 0.03787536036229255
 -0.1684415065149714
 -0.1011491001143656
 0.02959272122882295
 0.09018159421919525
 -0.447345415615251
 -0.4230216355332233
 0.1678669260063133
 0.06381224449223299
 -0.273212050741769
 -0.4069161114634658
 0.1054926300109411


