# Created by Octave 4.0.0, Mon Dec 05 23:20:54 2016 UTC <root@563bd5490a9b>
# name: theta
# type: matrix
# ndims: 3
 2 2 55
 0.915179749637228
 -1.480431089079364
 -0.4592920036347241
 0.07609469016129444
 0.352014032030622
 0.2820026244481613
 -0.2459513895812402
 -0.07321169457996879
 0.2802088565595933
 0.4312699391004124
 -0.2860721568721283
 -0.5374131713049075
 0.2639745239586412
 0.2941949837884901
 -0.2368508801405822
 -0.2405646694900325
 0.4283794148185522
 -0.8928625463173208
 0.08904677410333317
 0.6683723249695632
 0.2255086244760521
 0.2848311748690864
 0.1199823687814185
 0.09508754255733542
 0.1652971645533078
 0.3994847040436278
 0.06797390694168826
 -0.2062177986851625
 0.2684266490324091
 0.2010361745611915
 -0.02391849527807111
 0.1572437630039845
 0.3514143334957519
 -0.07942973164345002
 -0.4571236309150213
 0.3872882836318654
 0.2699722979389151
 0.3542382385606415
 -0.08589187961609746
 0.2432654757387553
 0.05717316670837302
 0.005207615710555613
 0.1749171326844474
 -0.1541155833772752
 0.02375756811926211
 -0.0737427719626591
 -0.05967345279088221
 0.1139931229196904
 0.03583791280817106
 -0.08747887512441133
 -0.1004191396268914
 0.09147768068477324
 0.1473817767828076
 -0.311451479199405
 -0.4834220935782181
 0.1448669164934837
 0.1105360634877326
 -0.5635321072291029
 -0.394125871260171
 0.2373534943446129
 0.0590096218984687
 -0.2128590038366405
 -0.1668834025206194
 0.1487633541565263
 0.07792191756392886
 -0.4385822385434914
 -0.2877285606908364
 0.1675071877186618
 -0.1566568606487444
 0.854342770635804
 0.4833332028663093
 -0.2542969644275461
 0.03932123318972736
 -0.2997469147156306
 -0.1284798550428223
 0.09987136433359511
 0.1357923639446543
 -0.3400546123107073
 -0.3040526963651726
 0.2694845376648805
 0.08118487485693071
 -0.2444905479872834
 -0.2253195982517664
 0.2244026026438879
 0.1197235250950617
 -0.1167121329810055
 -0.22199043447656
 0.15764771550692
 -0.0004921698690264487
 -0.02262117395003882
 0.004739089594668178
 0.01620171180119345
 0.1161169826008784
 -0.4519075793351957
 -0.3321924439234585
 0.2865279858486161
 0.0280089507891973
 -0.1979230717899561
 -0.07085688643145249
 0.1033565722527676
 -0.01536138270496701
 0.05864742036600701
 0.0334293173143525
 -0.02138707045867738
 0.03296450872285139
 -0.182534626013906
 -0.0671661536879895
 0.1026707566024545
 0.1636253945688327
 -0.7358157012935926
 -0.5500020140877777
 0.4302123438899894
 0.09769714139171037
 -0.1675499308134256
 -0.1557272575217294
 0.1771908449978388
 0.09208399930559075
 -0.3512717053275063
 -0.2031673605313102
 0.2273911686481305
 0.01503151483802612
 -0.03219435324413178
 -0.03464631985040278
 0.02623203100091809
 0.05579327260339673
 -0.2584209515491649
 -0.1186524452376325
 0.1723785320807152
 -0.1265825695415483
 0.3619931841476856
 0.201316657773553
 -0.2506423054077982
 -0.08548151870064535
 0.2337839354253011
 0.1461955130830159
 -0.1756455249791196
 0.2884842872750781
 -1.095223826657776
 -0.690845067965183
 0.5228833707136857
 0.03764908849518889
 -0.08976901040121255
 -0.08936133530844792
 0.06018180456534217
 -0.02638883594581598
 0.106078735917545
 0.06764123149801926
 -0.08714691461619561
 -0.01834642411628606
 0.03965691525222659
 0.04361125815219169
 -0.02446455886986376
 -0.1732354988048895
 0.5198687607795609
 0.3239017646366991
 -0.2958299246536045
 -0.04624919289879825
 0.1155934852205847
 0.09409660187657298
 -0.07023089582390463
 -0.01428778648846152
 0.163040367154295
 0.268359297755401
 -0.03252194056326463
 0.07109992874853188
 -0.1769504120572878
 -0.2630559710771458
 0.1170618673562849
 0.05438401768253021
 -0.1026190757837777
 -0.1982139343467209
 0.05468449697107136
 0.3042981717689045
 -2.633476939290556
 -1.969116843839128
 0.3573044417042159
 0.2212971810541509
 -1.241882441789819
 -1.409283552591217
 0.2280660744195291
 0.1826324855545559
 -0.4500681443389098
 -0.4663102890583413
 0.1425339073120426
 -0.005879755115355434
 0.1033394079323227
 0.03116790719123896
 -0.03759729692321478
 0.1450434589576971
 -1.028181163473119
 -0.5006711143526852
 0.2738252134338113
 0.08854007278542508
 -0.4559344831631669
 -0.3139750429591945
 0.1520037853162362
 0.2021748661259363
 -0.7782708896791348
 -0.6577167570698332
 0.2446331643677708
 -0.02404262264885593
 0.1099168233870813
 0.09843237744783506
 0.0008935227219237785
 -0.08310239501423211
 0.2336125419912909
 0.2138951732398626
 -0.113912206064239
 0.1037945481168702
 -0.5736309977626983
 -0.3832226274209081
 0.1380996254307538
 0.09395891510930965
 -0.4655533045555398
 -0.3845071287121873
 0.134855085906928
 0.006771003281693222
 -0.01760878532811772
 -0.02942184100310552
 0.01106694699009592


