# Created by Octave 4.0.0, Sun Dec 04 03:58:05 2016 UTC <root@6fa072662859>
# name: theta
# type: matrix
# ndims: 3
 2 2 11
 0.7237507290498435
 -1.461832273270887
 -0.9740535571914291
 0.2841197040321859
 0.07491707283237126
 0.2617406970749359
 0.03524090776012145
 -0.1307565187904145
 0.5170080942973129
 -1.091904237819909
 -1.126882029295996
 0.5107301461252887
 0.2875436430554108
 -0.66501183346494
 -0.6584525905294993
 0.3949860789303665
 0.2941967534729703
 -0.418623192685678
 -0.2312189653197561
 0.1876691631205485
 0.3662153458764665
 -0.5838727655809777
 -0.2796713487057045
 0.2183061325824369
 0.4775999761376641
 -0.8846258172301837
 -0.9472666597684642
 0.4619282152401909
 0.4446299569000979
 -0.5744708889263443
 -0.8207825126593407
 0.362555741426988
 0.4910229964698158
 -1.038776497057447
 -1.005086230657279
 0.4984165085033245
 0.5840403399424984
 -1.118030374525209
 -0.9186974719047174
 0.3925617032722566
 0.5041673829572997
 -1.344935948046724
 -1.344935948046726
 0.6065002512028385


