# Created by Octave 4.0.0, Sun Dec 04 22:03:57 2016 UTC <root@8d8e6c9ef6eb>
# name: theta
# type: matrix
# ndims: 3
 2 2 11
 0.7349911769647908
 -0.5048047155812405
 -0.2534328890753004
 -0.6258296117417754
 0.4284031812718675
 0.4825288511694492
 -0.7407750093141277
 -0.8874895928588216
 0.3149741600264528
 -0.6320014034841699
 -0.4622234370884579
 0.3843418029588583
 0.1173460814866492
 -0.6123864865472504
 -0.1668005951810791
 0.4149442146183322
 0.5653538298609113
 -1.427409890536301
 0.3387767768278565
 -0.516223628112686
 0.6053150237835829
 -1.7827750765929
 0.3143294171792657
 -0.4609895727972833
 0.5748136962739868
 0.3154888375990366
 -1.499684681608444
 -0.4635116422299566
 0.5802498351863241
 0.3819808376345493
 -1.544046794262065
 -0.6258325323171272
 0.5525153904633143
 0.1203391165504215
 -1.337955018134037
 -0.1368274119751589
 0.8016997116963754
 -0.9223184776715203
 -0.3057938223947512
 -0.4517104361983364
 0.1571290510922713
 -0.3938111646650759
 -0.6180049407087007
 0.6322996181561811


