# Created by Octave 4.0.0, Sun Dec 04 19:41:39 2016 UTC <root@564f074b7959>
# name: theta
# type: matrix
# ndims: 3
 2 2 11
 0.8053282172053116
 -1.250532381885619
 -1.00935301431376
 0.1064270779767138
 0.2930318785733546
 0.3340131753724618
 -0.3095061577284686
 -0.3261859997063592
 0.4451212558662992
 -1.100932964378686
 -0.8218860483125592
 0.5115807716449847
 0.2081352689392015
 -0.8242197878724
 -0.3985001518756104
 0.4145669241313763
 0.4949101684600887
 -1.022626381690188
 0.1929036661244863
 -0.2392296890658383
 0.5571063763299959
 -1.368902618408018
 -0.010695289116738
 0.01058210933054715
 0.5646157983521287
 -0.3536400402435811
 -1.422012443721967
 0.2607262624632491
 0.552068582300043
 -0.06595796779179763
 -1.335001066732334
 0.06187540371808753
 0.5571063763299885
 -0.6312717768418667
 -1.36890261840802
 0.3839589028871953
 0.6737290947028491
 -1.312186388966157
 -0.7224175628600498
 0.2497105786989393
 0.4159806452526849
 -1.051045152518687
 -1.465992988688183
 0.6779317768470654


