# Created by Octave 4.0.0, Mon Dec 05 20:34:30 2016 UTC <root@a800ff6e4f10>
# name: theta
# type: matrix
# ndims: 3
 2 2 55
 0.7380944026841199
 -0.3948651398002112
 0.03833495994373504
 -0.8626886542642627
 0.4180772816770564
 0.4409067515856757
 -0.7014798652064982
 -0.6847889199926112
 0.4553052593947472
 0.4957663929546599
 -0.842113273842126
 -0.9540347964418436
 0.4708151513127495
 0.5134134844835878
 -0.8823487251767719
 -0.974100311126298
 0.2748554003543651
 -0.8520633316907369
 -0.363936882237534
 0.4842725430550485
 0.4506744196820179
 0.4504616749585439
 -0.8261547534866722
 -0.8053787248697639
 0.483861212132748
 0.4947415658726202
 -0.9620052335445051
 -0.9925784771771893
 0.3798498917146795
 0.3963718398321301
 -0.5977278769927676
 -0.6100783411023478
 0.1921321441759932
 0.3335663661149217
 -0.1641557739241168
 -0.1793157114679627
 0.3856780944816479
 0.3536054326810631
 -0.6088569982564058
 -0.4935943053916922
 0.01859057958091093
 -0.002116084938825979
 0.05092393943369999
 -0.1603486579697075
 -0.002283927056685897
 0.02460817953191352
 0.01232715270766382
 -0.07143352841877171
 -0.01934366924401221
 0.06511103206326507
 0.08786851697041387
 -0.240512875241877
 0.2487898404953711
 -0.7789676226467175
 -0.427042139030966
 0.4280911496551485
 -0.01410071727349571
 0.02828805581580052
 0.05867771283412848
 -0.08621271660259122
 -0.003014610125323669
 0.004384074996012233
 0.01752248098662212
 -0.009728414878207747
 -0.01866782220897578
 0.03794440226596318
 0.06190744669104298
 -0.07978841022541605
 -0.03598360709501747
 0.07692473141390344
 0.1065414454570663
 -0.02524886177328667
 0.001321572500670665
 -0.004653456837811598
 0.003060563130681482
 0.02314500783410933
 0.008991321117610918
 -0.02525939354958351
 -0.02859007068759434
 0.08030001831599654
 -0.002050949955791637
 0.0149105302328163
 0.01097822750186928
 -0.04189721093607623
 0.1377962336813255
 -0.4511528673887715
 -0.1893184069284131
 0.3187997864946084
 -0.007405401604392847
 0.0268246893273103
 0.02830672482379071
 -0.09206215016019481
 0.004570504198980918
 -0.01316590486583213
 -0.02052855715332846
 0.0565630258006764
 -0.004520268235508773
 0.01818229594089638
 0.01388510248458497
 -0.04050277841304073
 -0.02634172682324354
 0.04872308190701435
 0.05035690176083163
 -0.0394391761738988
 0.0009970444826596925
 -0.01292186413363527
 -0.001928504115523477
 0.03367754565215764
 -0.00362337439063587
 0.0102839138854538
 0.01309220214076379
 -0.01589454637638887
 0.1058231133633712
 -0.4702640004395078
 -0.1391660582398397
 0.3428881038910316
 -0.00181062187108405
 0.009033631200018988
 0.007141686610786735
 -0.02755097321307876
 0.002962106451223689
 -0.01111257769834073
 -0.01335749524292451
 0.04682696013599186
 -0.007087169097109269
 0.0295338899914217
 0.02052094816901606
 -0.0747251645576954
 -0.0202686586742894
 0.06576998114107591
 0.03605332460862565
 -0.06630682381264075
 -0.01394949366292031
 0.05061021069112503
 0.03873136257867626
 -0.1279092807343538
 0.1270819081600634
 -0.7776532189534962
 -0.1736374964510659
 0.4755109001682376
 -0.002074284536203508
 0.01158868775864619
 0.008585525693426632
 -0.02928212401051322
 0.0002369081706363185
 0.0002288990516359224
 -0.0007763722927998096
 0.003233671316202003
 -0.01240908966057563
 0.05491528541485313
 0.0358857498916425
 -0.1382007859782934
 -0.02259445592261022
 0.1199488929534311
 0.04188156489743489
 -0.1005820283464174
 -0.0005024813797109839
 0.007060554031401711
 0.0020567039213919
 -0.007964350895372174
 0.1100530954973797
 -0.1476282885779827
 -0.546722129603153
 0.3559374260087615
 0.06672371118687692
 -0.08640063734400827
 -0.4071270837476635
 0.2861812279886502
 0.1390848974584508
 -0.2008502245099055
 -0.6084760857599747
 0.3768209997983876
 0.333784816761456
 -0.9416073932831743
 -1.883138794170096
 0.5069489056387542
 0.1499286208561792
 -0.2216227137363391
 -0.7402846893545574
 0.3510961286895959
 0.009001490237565746
 -0.01740808000352145
 -0.01752251226153811
 -0.007986448385568945
 -0.0002251554303863701
 0.02572155714758018
 0.0007900172588652943
 -0.05462384059496816
 -0.007420268755704229
 0.0322238968518147
 0.01388031239573961
 -0.02827570762952503
 0.001379784744054757
 -0.01121933724350677
 -0.004062881523614115
 0.02313561198841585
 0.003574416984815809
 -0.01557602154549498
 -0.01092528114410896
 0.03692350475434436
 -0.005171341113664907
 0.03158411573508468
 0.009360274380045386
 -0.02824928341370336
 0.001918816143657798
 -0.01037351861481328
 -0.005538075392539143
 0.02226542732255776
 0.009413428375996791
 -0.03788287930531142
 -0.01876310942253534
 0.03353120743374371
 -0.004210704894129225
 0.01218509492374209
 0.013197329655245
 -0.02291075142828847
 -0.003278290853432342
 0.007392230950774792
 0.01601352424589431
 -0.01042972814210685


