# Created by Octave 4.0.0, Sun Dec 04 20:31:13 2016 UTC <root@cb0abffe4a20>
# name: theta
# type: matrix
# ndims: 3
 2 2 11
 0.7584425109451887
 -1.459401353593762
 -1.209944568801909
 0.2888277757446736
 0.2599177575001393
 0.2699830217773773
 -0.1423541721138424
 -0.1256042413207756
 0.5145454271367589
 -1.204717250974203
 -1.11420759443362
 0.5317704796218612
 0.2508903770449363
 -1.029340523237254
 -0.6303453569797528
 0.4122061044266381
 0.5225216635292047
 -1.159236910484521
 0.02371652661733314
 -0.02429269256902788
 0.5068963456260953
 -1.079194202811012
 -0.243346258631737
 0.1955667835439672
 0.5530583873892589
 -0.9571127263944463
 -1.341558467278502
 0.4799539600988667
 0.5530583873892603
 -0.497580397015946
 -1.341558467278499
 0.3307415619122505
 0.530243709623097
 -0.7678707267559002
 -1.201796524903332
 0.4291816347254631
 0.6414751700156207
 -1.408113408514531
 -0.9832302145492751
 0.3934022356588777
 0.4600453839633671
 -1.123041662543319
 -1.516391355751102
 0.642645566374958


