# Created by Octave 4.0.0, Mon Dec 05 23:23:32 2016 UTC <root@c353ca40c580>
# name: theta
# type: matrix
# ndims: 3
 2 2 55
 0.7432681600813024
 -0.3031716355325325
 -0.04644798342472711
 -1.190178480168673
 0.4387112893020002
 0.4732607732371448
 -0.7900021850183148
 -0.8421941498855259
 0.453753298660232
 0.51402791863988
 -0.8436450339937214
 -1.020867497176444
 0.4591639487970077
 0.5532153261909327
 -0.8561455755739045
 -1.14664415337374
 0.2665308265809636
 -0.8439088212639461
 -0.3567073636456592
 0.4793205446653104
 0.4451751589197475
 0.5026037530405933
 -0.8161371262826314
 -1.018564390241268
 0.4691056433702744
 0.4958879485948997
 -0.9054514178355446
 -0.9942644865792896
 0.3832132956979053
 0.4545701966758984
 -0.6211707563399178
 -0.808269336721124
 0.1790315819605698
 0.3725720390644751
 -0.1755376837174734
 -0.3211331837569382
 0.3901435696275177
 0.4211982483998744
 -0.6396429572504452
 -0.6948760536293856
 0.001654381371456015
 0.01478956833582878
 0.05183540941642084
 -0.1297150689711808
 -0.01451283310085616
 0.04981832375165096
 0.06181033592952501
 -0.1617645665402172
 -0.01217406130370036
 0.05081107989998856
 0.06396498234102799
 -0.1363273588900484
 0.224694728338241
 -0.6991209942716328
 -0.3380973837627976
 0.4490547870992563
 -0.01103634854255153
 0.02651131788749317
 0.0468946530147154
 -0.08249241098273563
 -0.01056186922909819
 0.02383883120101871
 0.04782779958352679
 -0.08307756848832293
 -0.01554513505315669
 0.0373024834012845
 0.05159585184027571
 -0.08818873129782734
 -0.03414282239984467
 0.08381329808807614
 0.09106952426303772
 -0.03056786156005709
 -0.01844507622777425
 0.04178376427037667
 0.05877513433667736
 -0.100872519787206
 -0.001637974682333787
 0.01124498556952602
 0.01213629312272868
 -0.03880350100543017
 -0.005059995704520648
 0.02356137800004343
 0.02419963226308686
 -0.06483836372551632
 0.1220820364839
 -0.4377046282554895
 -0.1590973896549916
 0.3347153811714001
 -0.008291913624704716
 0.02957364122199113
 0.03226268685461364
 -0.1092826155504678
 -0.001702063192139502
 0.007820915056469646
 0.007855716582864103
 -0.02390311250304489
 -0.005988553148645881
 0.0225111226652408
 0.01877700759648704
 -0.05658870880528521
 -0.02248768623915176
 0.05171751290140092
 0.04380128129299865
 -0.03835707271518896
 -0.007581768723168847
 0.02070384056641372
 0.02322137818138148
 -0.05076261979949059
 -0.0133932500493561
 0.04944545071276574
 0.05463727444467081
 -0.165917022911092
 0.1175668041642322
 -0.5359954663251858
 -0.1516646959145609
 0.3992598309941591
 -0.003502980637558439
 0.0154146099546737
 0.01437353019892007
 -0.04659570112087863
 -0.005373410784816846
 0.02109552270082937
 0.02296894721561049
 -0.07959672566620757
 -0.01238734472127134
 0.04801596904536476
 0.03728386298050212
 -0.1374157789879433
 -0.01611405139890953
 0.06308041513248996
 0.03182730426841984
 -0.04330442667708212
 -0.008365474754491564
 0.03119235171019286
 0.02532045531110949
 -0.07872871892103106
 0.1472490189000885
 -0.9318608598726383
 -0.2004303637118818
 0.5417135763677072
 -0.007467728319231315
 0.03264091998678098
 0.03024591837242063
 -0.1021695033239953
 -0.006535878809839746
 0.02903566158752535
 0.02847894538759022
 -0.1011578739466978
 -0.01465811083714252
 0.06317052983793947
 0.04486844599857176
 -0.1684824087064443
 -0.02167944843945813
 0.1357442341492394
 0.04496010967101882
 -0.08274787481750101
 -0.01689730175412585
 0.07387711963439192
 0.05006719974254237
 -0.2006085589200159
 0.1173663903543591
 -0.1508216985378215
 -0.5541317157705112
 0.3878332301057523
 0.09652489236887396
 -0.1250686624983453
 -0.5566424860443524
 0.3878490087419513
 0.1399154116211562
 -0.1898440368304197
 -0.589145637300156
 0.4110020341459004
 0.3476825680898125
 -0.8816879171261518
 -1.821915897724925
 0.5514838349064217
 0.1498682295963083
 -0.2119144593963298
 -0.6647815047580012
 0.4198296384437299
 -0.004975928998659895
 0.02667554742102318
 0.02558994252620073
 -0.1150893550354275
 -0.004259254935522372
 0.02290702507976161
 0.01313880310459958
 -0.05916230325510385
 -0.008470776972979377
 0.04329144606011504
 0.01554988226320231
 -0.04582717716257134
 -0.005066937136500971
 0.02008373610648362
 0.01541055641850098
 -0.05005977034942743
 -0.005550116151466611
 0.02480011972165386
 0.01753607159473858
 -0.06571243117647452
 -0.008068636071617341
 0.04379443684395845
 0.01473417530385102
 -0.04567233701500939
 -0.005671252149707318
 0.02526801991577154
 0.01716933001831622
 -0.06316226527998792
 -0.00646789244904411
 0.02572259090595619
 0.01284763745697504
 -0.02683644881165748
 -0.01010947645032145
 0.03203762431543788
 0.03103937231610576
 -0.08043810234735593
 -0.007762700303351133
 0.01535688532747481
 0.03162416470701368
 -0.03047544593219387


