# Created by Octave 4.0.0, Mon Dec 05 20:32:44 2016 UTC <root@678e6b83a938>
# name: theta
# type: matrix
# ndims: 3
 2 2 55
 0.8352324193187987
 -0.6910452729699226
 -0.13509034180972
 -0.2018593346353936
 0.3429474355450662
 0.4007061724484984
 -0.4201493387951225
 -0.4835685851982303
 0.3935801758669506
 0.3724263181266225
 -0.6409664542736802
 -0.5769377197316241
 0.4367053596717454
 0.3550488274694965
 -0.7150374475111758
 -0.4965183298709537
 0.3997707843609086
 -1.095150453032896
 -0.3183686160981618
 0.6659370300197001
 0.3777174314160479
 0.2335520275269329
 -0.3789650309396051
 -0.1536945209808198
 0.3854481678493755
 0.4503017622678349
 -0.4364770214503486
 -0.6562542375505283
 0.3484426079410671
 0.09760442063506458
 -0.3110638906988736
 0.04233351365961613
 0.2179723869091752
 0.7138489940667592
 -0.07608215820293651
 0.06951751027809139
 0.2838874867655022
 0.1461155191459862
 -0.1779880629894031
 0.03535093320187399
 0.06796387603840526
 -0.08014779605197653
 -0.01238705748341662
 -0.040448655309274
 -0.02479620028007257
 0.0567786607698042
 0.08001561818155301
 -0.1330916490625906
 0.03031058477668347
 -0.07872918786754624
 -0.1258120975820813
 0.1593966387234409
 0.1640096747237749
 -0.5085002004256793
 -0.4468930419262447
 0.2051866580836317
 0.03111361153218817
 -0.1450464067405759
 -0.09682472774772055
 0.1540294740302617
 -0.0004205393434695281
 -0.005823118884243694
 0.01657896012146276
 0.01924475103324008
 0.02740983421645393
 -0.1410835819484748
 -0.08029924115492504
 0.1084258802982456
 -0.0002179634679022602
 0.0307577824498142
 0.01225345465210426
 -0.003120124040491667
 0.02129875387918889
 -0.07654587557273507
 -0.05913421466026891
 0.05443778506979302
 0.06063349080240488
 -0.1509136964678874
 -0.1586295012334404
 0.2530670938818145
 0.05333444641126239
 -0.1300689673366429
 -0.2085665281841131
 0.2588389149901675
 0.1021977757360665
 -0.2383081528470443
 -0.1700458637960991
 0.1772130408649002
 0.03635004757447358
 -0.1284436828116284
 -0.10447204555215
 0.1667740827851727
 0.03351455877459053
 -0.09117512787677828
 -0.1293718715435317
 0.1879774348548371
 0.01344415464438253
 -0.07933209564688148
 -0.03067294225943962
 0.08899956703348777
 -0.04480883582735773
 0.1045705499433796
 0.07528211802336982
 -0.08107640210332034
 -0.005277210392100162
 -0.002789850105290981
 0.01114239803526429
 0.00415699738780706
 0.04525936489227111
 -0.1381407007588438
 -0.1703122022283343
 0.269149469288319
 0.1057998407822105
 -0.3251685711416439
 -0.1632281790869139
 0.2677201161420701
 0.005074251414816988
 -0.01404989469947182
 -0.01276172690790278
 0.02410597963957084
 -0.0002891057473800585
 0.003138250346373939
 0.001082112836490845
 -0.007542757136210554
 -0.02274059413629592
 0.05411934956306452
 0.04626710760000163
 -0.07542669036803318
 -0.03370246782298636
 0.07536064727332858
 0.05157872320795254
 -0.07128234337843953
 -0.006728603763060725
 0.01244096202039424
 0.01253193351427107
 -0.0157401116797713
 0.1018619573443823
 -0.4990073186688977
 -0.1715578663586148
 0.2632215160784159
 0.02393524427544591
 -0.08230110317370842
 -0.0693698874301667
 0.09587543617207306
 0.02279588604622951
 -0.07458181659882879
 -0.08796170737238085
 0.1396059055655208
 -0.01213124086139672
 0.04421260373450675
 0.02760106213091351
 -0.04434090018488979
 -0.07433065300113284
 0.2815181292947462
 0.1218374524591437
 -0.2056803559551177
 0.008384336770435707
 -0.04209214862674937
 -0.01725631987259679
 0.03899113431912182
 0.0860839901859406
 -0.1864108306613665
 -0.403895109660259
 0.1656932489300942
 0.06040308669474181
 -0.100962947862997
 -0.3427096844607291
 0.1765424566744658
 0.08023666420193387
 -0.1764571325077395
 -0.3413690931727458
 0.12992766649587
 0.2892326424711635
 -1.720769968745434
 -1.833650435806934
 0.3867207968756529
 0.1264907221609759
 -0.2589323029212989
 -0.60597520375372
 0.1344487536649555
 0.07124719160404924
 -0.1648340776537076
 -0.1560225208046684
 0.07714056902079358
 0.05743849200534989
 -0.1702572708008847
 -0.183833686939495
 0.110385530185708
 -0.008376783367562757
 -0.1240841881276036
 0.03630118650529734
 0.06414685765901251
 0.03964402249999333
 -0.2362096584040811
 -0.1140043133797812
 0.1389500280138394
 0.09312502111714327
 -0.4538768661228172
 -0.2326294749429381
 0.2603051257464628
 -0.01553637911970629
 0.03711341330149009
 0.03353113788348394
 0.003295341352083314
 0.02023085447984474
 -0.1299820369827729
 -0.04591778730213902
 0.09225199411781415
 0.07778636183849352
 -0.4529273952256547
 -0.2138000119729166
 0.1267977902265411
 0.06262353039932
 -0.2622743469091544
 -0.2240910403131959
 0.13563486014742
 0.07725999752263102
 -0.2637660119083687
 -0.4544754621712483
 0.1402961932707905


